1756099 325656
1663014 984884
1929826 584872
1651893 821022
1370885 1001225
1625072 788924
1783247 283256
1880853 537876
1801556 226485
1721678 395154
1584285 641046
1901065 762713
1558211 1084871
1774781 951098
1646536 805948
1514144 1116686
1854390 487022
1542539 1092164
1762224 950693
1672733 691298
1855971 194306
1755929 425696
1753339 670418
1921497 362019
1923893 392546
1907681 606616
1977302 228887
1752400 619731
1952919 255585
1931524 720419
1946371 347436
1937499 435144
1718216 1015077
1370345 1089222
1698219 125464
1770176 797917
1706159 508854
1933722 463383
1647619 1060869
1990238 162992
1661761 1036392
1544877 958479
1819069 325171
1712058 495221
1954042 53958
1655427 742771
1636192 1099236
1757480 217544
1745407 707716
1934016 438198
1954050 132076
1657959 635382
1656453 1023634
2003678 315373
1743716 176818
1957842 556111
1785302 216724
1995155 309310
1644548 1085670
1881420 139182
1906177 218356
1931127 481903
1900561 166081
1945820 488884
1946829 596553
1922998 531682
1860933 723330
1910856 576601
1817990 851084
1464460 1217469
1752334 972104
1601189 1200638
1894950 472266
1848802 938802
1743870 783828
1593533 648032
1899719 175639
2015291 343618
1958129 164863
1635266 1004422
1595208 1176734
1671658 699472
1665300 1054280
1739517 985428
1842213 400048
1795923 249011
1722822 515837
1777492 586785
1712423 552947
1953347 549915
1868930 573870
1722294 346366
1760041 395119
1543231 1164252
1678237 182188
1927662 266781
1607080 1191239
1596802 1061845
1970568 100777
1675193 1040342
1790374 782140
1669408 847532
1846218 538227
1903319 288151
1796916 337250
1594246 1008972
1685999 247464
1769339 174275
1846931 408947
1727774 428760
1523424 843308
1689982 663238
1812315 215400
1608222 1151900
1694578 1013116
1817200 909789
1958248 219047
1595224 1199498
1670063 1015680
1817030 463851
1955410 446573
1930029 534766
1820552 357014
1607152 1193838
1940340 58703
1671166 613333
1798329 659222
1784641 375529
1869228 794640
1799631 693979
1861888 188061
1852960 166614
1918146 194849
1849305 296791
1976518 342339
1756362 564866
1689951 998851
1834506 329705
1815893 735101
2012337 230049
1829655 155090
1707852 952742
1679353 1008054
1640364 1000061
1646480 711447
1723862 827121
1730983 526861
1885310 131853
1899336 517112
1807476 241897
1887129 143976
1944896 507420
1966230 445546
1639917 905518
1767528 434452
1937632 678945
1733207 453045
1952316 580202
1729208 953018
1916477 554745
1897326 173643
2009327 365254
1739667 709043
1519285 1077193
1689884 997472
1724455 702824
1761070 472474
1943949 563954
1640507 1062717
1687075 1047749
1651813 1072858
1910100 233818
1750117 707784
1901745 437037
1906626 254623
1764447 428349
1710684 324023
1624403 1038268
1914165 300876
2011774 400568
1789632 399540
1824056 253381
1751081 649609
1841815 516388
1716721 486391
1639376 1068173
1662647 566619
1433625 1220129
1735965 371030
1678066 959718
1964241 505094
1792010 217415
1835512 470779
1646434 567952
1405877 1046837
1706304 873103
1856603 528558
1925583 513941
1436059 1195895
1760345 365344
1650016 1058803
1678769 1004036
1667950 1069638
1761838 596156
1645508 827183
1662444 1053543
1798029 293165
1725690 280504
1794381 782271
1680828 627522
1774059 759180
1674443 1065498
1749971 305923
1882318 182466
1458271 1190179
1792996 664179
1726178 980659
1873037 716185
1698601 553152
1949976 517551
1949939 156556
1770838 739036
1978612 197903
1853841 204454
1647616 933690
1900966 498879
1675770 983864
1856849 693437
1941679 450864
1665501 1071311
1800001 278490
1455621 956791
1809921 662528
1766853 270988
1815231 887034
1906401 108507
1607077 1197822
1944971 553060
1692874 978899
1941393 563181
1813930 332778
1891879 637542
1936275 408528
1652339 640828
1926446 232367
1453383 1117849
1785399 331148
1671813 177671
1736598 107435
1752987 573547
1982337 231439
1791829 803128
1916261 355195
1851623 211259
1712752 999039
1675829 864706
1772595 291729
1692572 1021515
1571827 1027948
1759581 472213
1973456 415589
1678077 572483
1776350 839766
1512978 1202497
1597253 1058658
1920577 133261
1881320 802476
1623228 719453
1728870 719455
1801477 621458
1448515 1217423
1558746 1051105
1720241 1015949
1834680 477141
1701892 708231
1644917 1045239
1786539 910783
1559071 1136914
1662775 1030477
1723114 456958
1886789 137814
1687092 1031760
1548753 1044253
1681471 1047786
1668656 829641
1729157 501564
1629072 767979
1798828 820232
1925362 420284
1878516 720334
1665012 1057789
1598943 1204184
1741929 340967
1754017 189682
1951570 418201
1616786 947818
1684795 747666
1652741 1034722
1727712 607945
1955071 516086
1913559 403577
1787885 252153
1713507 337638
1940113 585776
1738784 701028
1441649 1173135
1843633 223785
1892196 181685
1952063 522841
1993317 263463
1730437 360834
1616719 1133861
1684585 609003
1641327 686085
1807281 431364
1674458 807741
1607312 1162804
1549880 1045032
1966418 168481
1813425 385162
1894224 124993
1605336 703304
1569903 1023835
1891597 169179
1806582 927345
1838347 761566
1922256 557508
1907971 600651
1559609 1046420
1747150 999946
1480159 1125480
1709619 930096
1917482 729375
1968841 165925
1836323 471463
1704905 469295
1946620 569339
1779825 370304
1616121 1024997
1948486 324041
1830785 263532
1716022 1020107
1661356 238626
2010677 263486
1921953 468264
1941802 86248
1663890 640236
1689582 561333
1844288 728282
1619304 1046399
1907136 613711
1662024 1021118
1675759 1053031
1799848 168476
1915594 221228
1653979 1064235
1584552 1158444
1760966 539610
1650757 1075266
1938449 700363
2001357 295554
1899702 283066
1950412 508001
1865070 105101
1668038 580737
1672701 636067
1715677 764866
1947421 543990
1860693 878328
1848849 896044
1793396 505692
1779893 643513
1456121 1227425
1934923 254545
1612798 664413
1849954 719081
1837063 945013
1957223 243529
1799977 787465
1858978 234701
1824283 618371
1885572 136514
1802925 622402
1675337 1027209
1581731 1171647
1948699 485197
1766752 401887
1934482 62634
1772195 443065
1737784 247339
1714933 625289
1642364 1060959
1902869 709118
1559537 849698
1737714 572226
1834845 418713
1984972 386015
1907424 545081
1933373 130682
1543131 1171663
1669618 1014734
1697129 638944
1697197 1004578
1718532 420710
1878277 766633
1809801 217706
1655519 877178
1784347 662575
1716289 203880
1679232 1020523
1835643 303755
1660293 941498
1921275 710606
1754720 276517
1469475 1180577
1821105 362017
1743815 408019
1688040 1056144
1803122 736576
1561174 865731
1807280 947236
1660187 794989
1854563 214731
1611187 1004153
1641875 678424
1721427 930018
1710733 761194
1450633 829666
1846695 88037
1950576 46867
1949313 457103
1958834 555962
1881987 159773
1746620 379361
1710332 501018
1622703 764992
1777410 313549
1796075 946910
1951533 64087
1731129 637060
1863399 411617
1578309 1195697
1924512 514238
1979090 287097
1836324 931042
1922740 722065
1899281 104407
2012291 399831
1855545 196207
1543093 1180507
1689320 1057347
1772014 353749
1938838 482968
1908126 526881
1504669 1230033
1642198 1073412
1916690 589658
1443615 1205224
1933942 61006
1625212 946628
1793521 290997
1504720 1163854
1944210 631035
1584472 1049776
1880220 229647
1903526 527143
1868402 539776
1777321 954407
1681573 1021841
1721068 430801
1656722 780756
1817307 377912
1751106 910268
1760329 539002
1870036 828726
1904953 146000
1707463 872009
1941131 363877
1780173 363206
1792828 520143
1768609 377000
1874180 632543
1590871 1202936
1766431 712636
1923034 405332
1601503 766299
1857390 419153
1865849 106205
1821459 555066
1630319 1032579
1982735 438357
1749335 227694
1629854 643341
1753531 456416
1933093 540333
1368905 945776
1707097 748809
1908249 613829
1730991 937683
1945850 592666
1953353 547977
1487737 830428
1519746 1046281
1768056 607587
1910734 675651
1938021 93222
1719247 948359
1439131 1179559
1912681 376711
1762091 323958
1720937 208612
1832271 465339
1763668 388144
1629424 852924
1875938 156172
1905628 179593
1695554 661088
1865814 676487
1716250 131423
1370182 1183461
1766355 702566
1951920 535535
1839457 873427
1950164 576673
1933053 293808
1559195 1028060
1792737 236756
1844414 357754
1687741 667240
1566752 1155480
1610038 1062538
1743813 563136
1683597 147118
1595185 1060290
1767389 490540
1931627 627590
1972852 239295
1823137 369810
1797528 315809
2013988 185657
1942687 566207
1784574 426274
1948831 309092
1529152 1136343
1984372 164949
1944575 406129
1950542 532112
1673726 1064897
1671565 831393
1863428 213031
1728220 198789
1949701 539480
1790808 1007318
1750657 906050
1889623 103517
1677997 531826
2004380 361075
1827031 223373
1782212 409806
1919887 463225
1655767 763027
1641467 1004566
1650527 644972
1825588 581996
1739305 231344
2012641 259144
1786372 408910
1814965 887354
1796087 407514
1690835 558063
1996230 434333
1897064 72401
1785745 372988
1690664 204229
1992217 170535
1811497 941853
1579748 1129691
1779057 844560
1923700 261221
1821518 356882
1669333 544399
1599330 1078607
1787815 534672
1869376 183948
1844520 88987
1944774 51025
1852806 212639
1580472 1028269
1651338 874592
1945182 134296
1911514 678976
1839350 468211
1891190 202205
1604238 1152411
1898893 520808
1620592 758578
1771454 434978
1893094 622212
1922352 531699
1671397 1022634
2002784 257383
1543082 1137949
1768471 271781
1856248 193192
1781808 533293
1838718 174758
1729610 160903
1914015 238615
1773760 374466
1950171 203121
1660827 1020716
1688662 176261
1898961 108952
1457671 887433
1688888 545447
1719438 530422
1600756 1052433
1742815 340128
1931364 537169
1812962 492513
1688263 966338
1670320 255729
1723263 746636
1879843 170216
1722530 1027982
1700132 1005217
2016571 382779
1933071 717433
1583797 1030953
1932230 538412
1797541 344323
1825479 263058
1941330 483463
1688876 885670
1539925 1103015
1679314 1028767
1828556 755857
1925817 54510
1951003 460243
1792978 698171
1525509 1161873
1804194 766976
1733244 184335
1886938 212858
1711159 870170
1697110 740303
1749006 830307
1756516 497376
1587157 1196766
1800740 620877
1753503 932656
1850997 153316
1493233 1082344
1745945 379182
1634090 1037489
1618728 805775
1810789 962273
1978850 450814
1645088 1041914
1684290 1039662
1469611 1221555
1747651 429771
1866760 793160
1790988 411779
1719930 1027114
1914405 503009
1742612 599365
1739665 172167
1647608 1078915
1724047 424543
1832603 473514
1530030 789377
1927745 371076
1789212 568825
1899613 169505
1776264 556456
1927781 553279
1809172 327105
1855942 514524
1861691 398030
1704940 161584
1984159 311773
1919337 571870
1725344 434337
1970930 221562
1919304 593903
1567930 1121517
1936569 582887
1985378 428941
1827184 870888
1729852 431150
1976180 194015
1689368 1058793
1777749 594465
1680120 548260
1989239 152604
1488620 1064686
1825850 154123
1699703 1002937
1688663 748738
1990289 233823
1716878 576900
1807146 314574
1841806 820948
1795394 479699
1852476 449210
1916421 273927
1654453 1054048
1950188 460830
1967439 88529
1798383 280474
1853529 825661
1821464 564271
1728911 274144
1927935 707182
1630298 1095312
1683313 1040796
1630236 695890
1770899 861337
1713436 468844
1811141 902982
1662957 1066237
1891669 182389
1525065 832323
1793595 951227
1492678 1057415
1898916 452243
1915786 649386
1783400 522919
1868084 562719
1626569 901576
1797946 329636
1759094 297743
1922447 558067
1752210 381353
1368627 1211427
1763367 452137
1920704 482263
1901325 531803
1771676 423689
1722074 714103
1764748 961891
1648233 686981
1851749 539460
1710816 606979
1934305 190478
1789205 568795
1665699 617169
1710926 743416
1868726 924458
1912383 530900
1590374 1200298
1831470 368203
1950140 541003
1748149 631357
1919125 246015
1773163 436172
1674691 831094
1694903 173264
1812532 888620
1727128 451053
1815871 221327
1498986 760140
1815080 187382
1872657 550083
1463763 817478
1924234 721280
1722839 967337
1786103 411518
1761310 124697
1833343 368468
1755398 613778
1887303 592842
1674682 775822
1999455 250254
1617231 1027572
1825080 149359
1987627 425305
1377779 1036277
1653800 717590
1742797 697503
1714219 983391
1823921 898292
1667809 850211
1833736 266074
1790558 363679
1698739 759014
1957879 119386
1805624 413738
1751565 448840
1912393 520746
1522929 1083551
1847596 723145
1911325 599967
1950437 167402
1722446 199760
1675756 999163
1659678 989544
1615692 1008911
1677391 706091
1559970 935025
1931916 517051
1713954 698452
1666083 221792
1915918 300697
1721845 516207
1689117 1030265
1907202 525492
1895856 518835
1464134 1227722
1688807 1019853
1680567 987927
1614175 787124
1971072 335958
1426495 1187712
1658079 762468
1700408 982716
1443020 1231693
1752059 562583
1776933 627848
1716085 582108
1618692 1031999
1768982 564702
1780634 970759
1937347 676128
1877206 791565
1659300 1030541
1953085 434817
1629437 726533
1835405 228119
1698751 803921
1956139 588328
1761545 590856
1677612 1031517
1930014 453767
1655790 1032983
1645468 1041042
1813065 316036
1950232 202907
1824740 197489
1974506 461257
1539670 1197376
1879943 91258
1666427 1038155
1441143 1219722
1680837 608939
1980514 438774
1891176 638597
1887772 273617
1684270 1069380
1651755 831111
1948383 578974
1768481 399447
1640955 742570
1909645 534809
1864399 572120
1907474 169252
1620417 763186
1432380 1176413
1585940 1135228
1769390 447542
1772194 573718
1765027 642264
1843587 480072
1695285 629501
1644613 1097500
1681060 1058666
1712823 651510
1743771 349864
1747508 200727
1670678 615328
1656661 1076613
2006759 273625
1710626 548499
1938939 573435
1812983 607851
1807666 313758
1653057 605960
1760929 698057
1756854 434182
1904314 127677
1364534 1216927
1789577 429109
1598625 1146985
1684693 1045048
1934523 405243
1959805 350764
1949814 612033
1712682 545983
1705550 1011634
1881597 790272
1777004 506864
1920196 572794
1597419 982685
1660698 788108
1969886 424847
1938758 687580
2010607 402277
1764452 433480
1531885 1115635
1541204 1191163
1656568 1076538
1756982 419973
1731849 645343
1800023 397956
1719371 645434
1882132 587605
1679241 1029859
1783540 463810
1929674 383207
1656243 133474
1889368 620669
1917929 659289
1732466 184734
2013691 398702
1969369 285110
1800359 393173
1740215 486377
1818855 540759
1819712 751116
1690100 830360
1725243 183008
1913400 595446
1986078 161755
1918036 568072
1629457 1038167
1900086 496381
1915780 582566
1603351 1190620
1954369 258989
1442242 1222779
1697989 648366
1754134 875363
1705060 665485
2030036 207773
1752591 224770
1678851 695248
1444497 1236279
1912851 277612
1639205 1047387
1627340 956670
1639240 664339
1587316 750582
1929334 322261
1647882 1031382
1773949 581502
1723355 976738
1666065 610011
1883809 530384
1699933 192103
1676284 1039785
1699694 928617
1977982 118591
1793223 926048
1781876 314583
1939955 57125
1773912 431036
1652346 1052039
1893463 519327
1680952 867605
1720390 369648
1627703 609484
1684760 1052597
1934864 633819
1525917 1136416
1875193 408219
1873658 204972
1938815 271703
1712062 1004014
1593335 1030316
1979244 300533
1944269 236740
1658405 748953
1597076 1198773
1985569 368325
1453433 1189513
1988807 210637
1648966 764383
1990776 142544
1639360 1036607
1436786 1185792
1923349 676923
1436949 1214443
1585509 871500
1790098 516165
1432011 1224027
1666123 1054353
1622125 698012
1807354 490898
1926962 519944
1625257 1081670
1743727 656203
1422792 1124865
1533332 1115693
1634779 755112
1893791 484638
1843459 478852
1984060 453582
1835943 336953
1625059 1033358
1937033 692902
1818922 176686
1816597 657308
1792677 871786
1937998 686242
1915556 153594
1893114 132753
1661783 1053498
1758724 394112
1769163 407713
1645379 1076677
1879482 531135
1773624 362485
1996367 311645
1654512 1025165
1446298 857840
1919584 623305
1798056 521071
1874679 708384
1563205 890496
1948396 621284
1717552 462989
1848264 902157
1854845 829994
1605175 1057280
1970309 371723
1924508 385905
1728898 718429
1528989 879364
1875262 789473
1874285 157816
1938033 341842
1817865 304615
1880742 512353
1921944 128694
1676750 1039239
1443858 1234767
1673476 563631
1895877 122885
1785445 642760
1781562 230918
1796322 240069
1710585 695113
1987885 133649
1732667 248423
1779329 496137
1928055 229689
1552590 1073032
1865393 244987
1547287 1009906
1907996 516864
1709877 683427
1720681 191156
1761146 375443
1782583 308024
1782426 796977
1747696 229352
1957499 417343
1814300 944867
1719613 172847
1636873 689836
1776068 104514
1838823 163277
1898908 427725
1863927 227061
1587963 888722
1846593 486441
1679613 1018888
1490517 1098751
1948632 537359
1788907 469542
1665401 1028984
1692574 344915
1863906 507629
1902682 748468
1906545 598335
1889741 525074
1340361 1129602
1689809 661399
1831481 194121
1990303 142820
1779173 387730
1896761 449710
1746241 974284
1927919 688066
1909998 585782
1810932 426541
1949341 537096
1791619 900041
1903467 340003
1832825 478245
1925503 591726
1950388 251429
1962048 376977
1928093 578261
1901441 711550
1885345 255085
1587273 714763
1620816 636725
1929377 259894
1641706 1099448
1405405 1129019
1663154 1054653
1542160 992127
1683191 1007486
1689448 561844
1918209 479312
1859167 273730
1925042 450643
1585515 678352
1729953 452232
1962980 517955
1702516 767134
1969436 456274
1911522 598530
1369097 1240748
1924039 725764
1738971 985301
1943333 631372
1924335 66095
1545500 1136208
1857224 286549
1807856 310872
1675627 965649
1934069 519226
1763930 186567
1655773 1055216
1426831 1216668
1654333 796888
1631412 1017742
1765697 763102
1643092 1049457
1893613 521122
1908049 299390
1849318 233117
1744548 417547
1476965 1078295
1966156 393669
1672654 896166
1637714 1078984
1727959 662945
1849504 375253
1729826 316775
2007275 277537
1657627 873662
1627147 1040936
1693549 688674
1524531 1161531
1792737 523726
1954498 488920
1884807 143776
1437514 1225652
1807620 460032
1434092 1217630
2025898 202953
1766343 435335
1783661 966002
1938314 369898
1392146 958686
1916444 521080
1951514 434683
1791960 917980
1777306 467891
1827555 887192
1649353 854044
1703678 621814
1853144 200672
1647317 1009462
1583580 948645
1550147 1057300
1668485 925699
1544745 967404
1988651 297960
1585297 1063579
1784919 496687
1689119 1054449
1817287 843728
1791322 487206
1645656 660510
1816375 652018
1614315 1041047
1751110 713412
1835034 572059
1733088 943453
1584723 1190651
1923670 694640
1905226 122924
1718477 627973
1598735 1152225
1895755 644154
1847542 473257
1587620 1112539
1580280 686424
1681933 1044140
1900008 68664
1820353 779971
1505999 1212040
1891477 211585
1963995 93499
1832768 320249
1762843 581542
1724997 516929
1863605 202398
1912636 647984
1975075 492472
1419270 996015
1561288 1027314
2009530 377567
1761202 413721
1660875 767167
1947226 239374
1661184 213154
1915951 139508
1962660 127706
1720584 474489
1724977 415114
1729799 950977
1785060 308844
1778870 437871
1859290 181873
1880266 490266
1795420 309936
1937264 188660
1754071 702959
1771694 556045
1811878 576118
1714757 559116
1533685 1198899
1731870 880097
1955635 510049
1518602 1126849
1714200 729966
1757126 523226
1859322 104203
1843604 471030
1983390 457143
2015274 349766
1930728 172141
1748706 396855
1960839 351500
1936949 361453
1654153 1017936
1830912 929313
2028837 228925
1621556 1009206
1919760 246122
1632866 1085578
1737632 544941
1810810 177940
1864367 432363
1832931 238304
1928064 198427